0 0.05789100486223663 0.3079416531604538 0.09207860615883307 0.12965964343598058
0 0.1166936790923825 0.34602917341977313 0.09663695299837925 0.13128038897893032
0 0.24022487844408424 0.5988654781199352 0.14495542949756884 0.192868719611021
0 0.37013776337115073 0.7325769854132901 0.1422204213938412 0.15883306320907623
0 0.4020461912479741 0.9035656401944894 0.2096839546191248 0.17017828200972432
0 0.8432941653160454 0.9076175040518638 0.16957050243111838 0.18476499189627232
0 0.6290518638573743 0.6717990275526742 0.17504051863857392 0.23500810372771475
0 0.4138978930307941 0.5356564019448946 0.13128038897893027 0.17990275526742303
0 0.313614262560778 0.4343598055105349 0.12945705024311185 0.1717990275526743
0 0.32045178282009723 0.2585089141004862 0.1176053484602917 0.13776337115072926
0 0.6719003241491086 0.3752025931928687 0.13310372771474882 0.16045380875202592
0 0.815032414910859 0.33549432739059964 0.12034035656401955 0.1815235008103728
0 0.9731564019448947 0.5413290113452187 0.05368719611021064 0.2106969205834684
