0 0.342331847649919 0.4805510534846029 0.12489870340356564 0.17341977309562395
0 0.39019448946515395 0.7763371150729336 0.17504051863857373 0.23338735818476494
0 0.7544064019448947 0.7909238249594813 0.20330226904376006 0.24635332252836306
0 0.6099068071312804 0.3581847649918963 0.13310372771474882 0.15883306320907623
0 0.19919975688816854 0.37763371150729336 0.1267220421393841 0.1653160453808752
0 0.06336102106969206 0.45380875202593196 0.11395867098865478 0.14910858995137757
0 0.2926458670988655 0.24716369529983795 0.11122366288492706 0.12803889789303086
0 0.18780388978930307 0.16369529983792547 0.09846029173419774 0.10696920583468394
0 0.09207860615883305 0.18152350081037277 0.1002836304700162 0.10696920583468396
0 0.09025526742301458 0.3111831442463533 0.1166936790923825 0.1393841166936791
0 0.3405085089141005 0.19367909238249595 0.1030186385737439 0.13452188006482985
0 0.8787986223662884 0.24473257698541326 0.24240275526742308 0.4408427876823338
