0 0.10210696920583469 0.4959481361426256 0.1349270664505673 0.17828200972447328
0 0.07521272285251214 0.29659643435980554 0.11031199351701781 0.16531604538087524
0 0.20284643435980548 0.2098865478119935 0.10301863857374391 0.15721231766612642
0 0.3377735008103728 0.619124797406807 0.2981158833063209 0.6094003241491085
0 0.6017017828200972 0.6790923824959482 0.16227714748784436 0.233387358184765
0 0.7689931118314425 0.8111831442463534 0.1577188006482983 0.2609400324149108
0 0.5182840356564019 0.2455429497568882 0.10666531604538093 0.16045380875202597
0 0.3555510534846029 0.22933549432739064 0.18415721231766613 0.10858995137763369
0 0.8711000810372772 0.3508914100486224 0.12125202593192867 0.14424635332252841
0 0.6668861426256077 0.3703403565640195 0.12307536466774714 0.17341977309562398
