0 0.11851701782820097 0.33873581847649925 0.10210696920583469 0.13938411669367912
0 0.19783225283630468 0.5470016207455429 0.15863047001620742 0.19611021069692058
0 0.4412479740680713 0.5170178282009724 0.1604538087520259 0.20097244732576983
0 0.42939627228525123 0.9392220421393841 0.20968395461912473 0.12155591572123185
0 0.6946920583468397 0.7504051863857374 0.18233387358184763 0.2301458670988655
0 0.6513877633711508 0.37682333873581847 0.134015397082658 0.15721231766612642
0 0.428484602917342 0.286871961102107 0.1094003241491086 0.1458670988654781
0 0.2611932739059967 0.23500810372771475 0.11578200972447324 0.12641815235008103
0 0.15635129659643435 0.16936790923824957 0.0829619124797407 0.11507293354943272
0 0.01595421393841167 0.22852512155591573 0.03190842787682334 0.233387358184765
0 0.44489465153970825 0.2260940032414911 0.09846029173419765 0.10858995137763372
0 0.6003342787682334 0.2730956239870341 0.1103119935170178 0.13452188006482985
0 0.9703707455429498 0.559967585089141 0.05925850891410051 0.19935170178282013
