0 0.19965559157212315 0.6329011345218801 0.10575364667747164 0.18314424635332252
0 0.35874189627228525 0.7520259319286872 0.19236223662884927 0.4084278768233387
0 0.5160048622366289 0.5688816855753647 0.11669367909238254 0.20421393841166932
0 0.6641511345218801 0.7025931928687197 0.1650121555915721 0.23176661264181533
0 0.8802167747163696 0.9181523500810372 0.20330226904376006 0.16369529983792547
0 0.7202188006482981 0.27714748784440846 0.13857374392220423 0.17828200972447322
0 0.5793658833063209 0.34116693679092386 0.1194286871961102 0.13452188006482987
0 0.8647183954619124 0.46596434359805516 0.134015397082658 0.1701782820097245
0 0.18689222042139383 0.39222042139384117 0.12034035656401942 0.14262560777957858
0 0.2570907617504052 0.22690437601296595 0.1094003241491086 0.12965964343598052
0 0.03920178282009724 0.4076175040518638 0.07840356564019448 0.17341977309562395
0 0.04239262560777959 0.28282009724473256 0.08478525121555917 0.11831442463533222
0 0.18461304700162073 0.11507293354943274 0.21059562398703402 0.23014586709886548
