0 0.07247771474878444 0.306320907617504 0.08660858995137762 0.13290113452188007
0 0.2183448136142626 0.21312803889789309 0.09207860615883293 0.12803889789303077
0 0.3879153160453809 0.47568881685575365 0.16318881685575368 0.17990275526742294
0 0.39885534846029175 0.21880064829821716 0.10119529983792547 0.15559157212317665
0 0.5164606969205835 0.31280388978930307 0.10119529983792538 0.1653160453808752
0 0.6409035656401945 0.37439222042139386 0.11487034035656414 0.14910858995137763
0 0.7922406807131281 0.25121555915721233 0.16227714748784436 0.24635332252836306
0 0.7972548622366289 0.46029173419773095 0.14130875202593188 0.15235008103727707
0 0.46996555915721233 0.7933549432739061 0.4348662884927066 0.37763371150729347
0 0.8277957860615882 0.9124797406807131 0.20421393841166932 0.1750405186385737
0 0.1641004862236629 0.3379254457050243 0.09116693679092382 0.16693679092382496
0 0.06108184764991896 0.14181523500810372 0.11122366288492706 0.14748784440842788
