0 0.044671799027552674 0.4286871961102106 0.08934359805510535 0.20259319286871963
0 0.27851499189627227 0.5275526742301458 0.28352917341977313 0.5559157212317666
0 0.4061487034035657 0.8970826580226904 0.17959886547811993 0.16693679092382496
0 0.4923014586709887 0.5615883306320907 0.12034035656401948 0.24149108589951368
0 0.6340660453808752 0.6815235008103728 0.14313209076175043 0.21231766612641828
0 0.8218699351701783 0.833063209076175 0.18871555915721216 0.24635332252836292
0 0.8464850081037276 0.44813614262560775 0.134015397082658 0.20259319286871963
0 0.6837520259319286 0.2925445705024311 0.11669367909238254 0.13452188006482985
0 0.5766308752025933 0.34846029173419774 0.10666531604538086 0.16207455429497572
0 0.46768638573743926 0.2747163695299838 0.09663695299837932 0.1896272285251216
