0 0.09162277147487843 0.3282009724473258 0.10484197730956239 0.14100486223662892
0 0.27030996758508913 0.24311183144246357 0.09754862236628846 0.12641815235008105
0 0.4129862236628849 0.23176661264181522 0.09663695299837925 0.14262560777957858
0 0.5798217179902756 0.34764991896272285 0.1203403565640194 0.13776337115072934
0 0.24706239870340355 0.41572123176661263 0.10210696920583466 0.14424635332252833
0 0.3149817666126418 0.473257698541329 0.11395867098865477 0.14910858995137757
0 0.555206645056726 0.6085899513776336 0.1476904376012965 0.2641815235008103
0 0.65822528363047 0.766612641815235 0.16774716369529977 0.19773095623987033
0 0.4407921393841167 0.8703403565640194 0.18142220421393837 0.21393841166936794
0 0.9221029173419774 0.9254457050243111 0.15579416531604537 0.11993517017828197
