0 0.4462770970782281 0.8351136244632946 0.24410933081998124 0.32977275107341086
0 0.6310084825636193 0.6886584982720705 0.1649387370405279 0.23793067336893933
0 0.8129123468426013 0.8411351974028695 0.1932139491046182 0.2781443083045346
0 0.3063147973609802 0.4674835061262959 0.1357210179076343 0.16085453974238134
0 0.6442035815268615 0.36778720284846583 0.12158341187558903 0.13907215415226723
0 0.4839773798303487 0.2278772646350403 0.11781338360037694 0.16420567598701433
0 0.38171536286522156 0.2814954445491675 0.09802073515551363 0.13069431354068492
0 0.11357210179076344 0.47586134673787833 0.12346842601319509 0.17425908472091323
0 0.1418473138548539 0.33427584040213637 0.10838831291234685 0.14577442664153314
0 0.040999057492931194 0.3945962928055293 0.07822808671065033 0.14912556288616607
0 0.06786050895381715 0.1742590847209132 0.09802073515551367 0.11058749607288723
0 0.08953817153628651 0.07288721332076657 0.16211121583411875 0.10220965546130484
0 0.024976437323279924 0.26837016305495015 0.04995287464655985 0.0765176066579289
0 0.13430725730442977 0.15247669913079903 0.0650329877474081 0.0804272698711907
