0 0.08979943273905996 0.12317666126418153 0.1194286871961102 0.1685575364667747
0 0.2999392220421394 0.43354943273905994 0.13310372771474882 0.14748784440842783
0 0.2844408427876824 0.18962722852512154 0.08752025931928689 0.11669367909238253
0 0.552927471636953 0.6037277147487845 0.1540721231766613 0.18638573743922202
0 0.34096434359805516 0.8184764991896273 0.16774716369529988 0.24635332252836306
0 0.5232982171799028 0.9181523500810375 0.24068071312803896 0.12803889789303086
0 0.830530794165316 0.9327390599675851 0.20968395461912478 0.13452188006482985
0 0.10529781199351702 0.4700162074554295 0.16501215559157212 0.14586709886547816
0 0.4275729335494327 0.299837925445705 0.11669367909238247 0.14262560777957856
0 0.585291734197731 0.2560777957860616 0.1094003241491086 0.11345218800648298
0 0.6003342787682334 0.35089141004862234 0.13766207455429508 0.13128038897893032
0 0.8524108589951378 0.45461912479740674 0.14039708265802261 0.16369529983792538
0 0.7389080226904376 0.306320907617504 0.12125202593192853 0.14262560777957858
0 0.028717585089141 0.26499189627228525 0.057435170178282 0.15721231766612642
