0 0.35673892554194153 0.8830244004607812 0.14420358152686144 0.2278772646350403
0 0.5 0.9131846266624777 0.2610744580584354 0.13739658602995078
0 0.7507068803016023 0.8344329249136035 0.180018850141376 0.2848465807938004
0 0.9307257304429782 0.9389988480469159 0.13854853911404333 0.12200230390616823
0 0.9420358152686146 0.522032553668496 0.11592836946277103 0.19622763744485675
0 0.43685202639019793 0.5479107759974866 0.13100848256361922 0.1675568122316472
0 0.20075400565504242 0.5713687297099174 0.12441093308199813 0.2111215834118756
0 0.441564561734213 0.2965755576500157 0.11781338360037694 0.14074772227458376
0 0.20028275212064092 0.22620169651272384 0.09142318567389256 0.11393863231752015
0 0.2610744580584355 0.16588124410933083 0.10179076343072577 0.1541522672531155
0 0.2587181903864279 0.3971096449890041 0.11781338360037698 0.17425908472091323
0 0.11262959472196041 0.47586134673787833 0.10838831291234684 0.16755681223164728
0 0.10320452403393025 0.3326002722798199 0.09707822808671064 0.10891192795057072
0 0.011781338360037698 0.3620157979872729 0.023562676720075396 0.12380587391758952
0 0.02120640904806786 0.27321068750449984 0.04241281809613572 0.1472638276300202
0 0.022620169651272386 0.12408512461833371 0.04524033930254477 0.09699678396052597
