0 0.3920178282009724 0.6823338735818476 0.33549432739059964 0.5672609400324148
0 0.0715660453808752 0.19773095623987033 0.0884319286871961 0.13938411669367906
0 0.17093800648298216 0.2098865478119935 0.09390194489465152 0.1474878444084279
0 0.16455632090761754 0.5656401944894651 0.11031199351701783 0.21717990275526738
0 0.7420988654781201 0.80064829821718 0.14951377633711516 0.23987034035656393
0 0.8546900324149109 0.4505672609400324 0.12489870340356575 0.17179902755267412
0 0.9722447325769855 0.5656401944894651 0.05551053484602917 0.23338735818476494
0 0.3669469205834684 0.20502431118314424 0.1066653160453809 0.13452188006482976
0 0.27486831442463533 0.23905996758508913 0.08660858995137766 0.13128038897893032
0 0.5100790113452188 0.31685575364667745 0.10484197730956239 0.1572123176661264
0 0.7092787682333873 0.3014586709886548 0.1094003241491086 0.1426256077795786
