0 0.8638067260940032 0.8784440842787683 0.19783225283630487 0.24311183144246357
0 0.5925850891410049 0.6426256077795784 0.1841572123176661 0.19611021069692058
0 0.28398500810372773 0.653970826580227 0.17777552674230152 0.22528363047001626
0 0.22472649918962723 0.40923824959481364 0.1194286871961102 0.1539708265802269
0 0.4635838735818477 0.3014586709886548 0.1194286871961102 0.1361426256077796
0 0.8081948946515396 0.45786061588330634 0.14495542949756896 0.18314424635332258
0 0.24706239870340355 0.2277147487844408 0.10393030794165316 0.13128038897893032
0 0.31315842787682335 0.18314424635332252 0.09937196110210696 0.11021069692058345
0 0.46358387358184766 0.21393841166936792 0.11395867098865481 0.12317666126418153
0 0.9576580226904376 0.2755267423014587 0.08468395461912478 0.46029173419773095
0 0.08979943273905995 0.3184764991896272 0.09937196110210696 0.14100486223662884
0 0.022791734197730954 0.3752025931928687 0.04558346839546191 0.14100486223662884
0 0.09800445705024309 0.18557536466774713 0.09754862236628847 0.08914100486223664
0 0.0360109400324149 0.13857374392220423 0.06655186385737438 0.11831442463533225
0 0.020512560777957864 0.2544570502431118 0.03737844408427877 0.10696920583468394
