0 0.13355956239870342 0.2025931928687196 0.10666531604538088 0.10048622366288491
0 0.019145056726094 0.26499189627228525 0.038290113452188 0.13776337115072934
0 0.153160453808752 0.34846029173419774 0.10393030794165319 0.10048622366288494
0 0.21196312803889789 0.4084278768233387 0.11395867098865475 0.1329011345218801
0 0.3282009724473258 0.7333873581847651 0.1713938411669368 0.2090761750405187
0 0.43805713128038903 0.8865478119935171 0.1850688816855753 0.1815235008103727
0 0.4316754457050243 0.5048622366288492 0.12489870340356561 0.20907617504051865
0 0.5219307131280388 0.6320907617504051 0.14860210696920576 0.17504051863857384
0 0.7799331442463534 0.8225283630470017 0.17777552674230138 0.28038897893030806
0 0.7826681523500809 0.4213938411669368 0.13766207455429494 0.14910858995137766
0 0.45811385737439225 0.2957860615883306 0.1212520259319286 0.13128038897893032
0 0.6048926256077796 0.28038897893030795 0.11213533225283619 0.15235008103727707
