0 0.20421393841166938 0.4319286871961103 0.2461507293354943 0.4619124797406808
0 0.32637763371150735 0.7277147487844409 0.1458670988654781 0.11345218800648298
0 0.3938411669367909 0.8962722852512155 0.156807131280389 0.1977309562398702
0 0.7963431928687197 0.8517017828200971 0.16501215559157217 0.23500810372771483
0 0.6586811183144247 0.6936790923824959 0.12854538087520248 0.19448946515397075
0 0.5077998379254457 0.5721231766612642 0.13675040518638568 0.19124797406807134
0 0.3838128038897893 0.4975688816855754 0.1094003241491086 0.21069692058346845
0 0.49412479740680715 0.32739059967585094 0.11487034035656407 0.15883306320907614
0 0.616288492706645 0.3427876823338735 0.10940032414910852 0.1701782820097245
0 0.6659744732576985 0.2706645056726094 0.09937196110210685 0.10048622366288491
0 0.7430105348460292 0.41004862236628853 0.11487034035656393 0.15883306320907614
0 0.8492200162074554 0.33549432739059964 0.10301863857374385 0.17828200972447322
